{
    "chatty": true
    ,
    "io": {
        "footpedals": "sawRobotIO1394-MTMR-foot-pedals.xml",
        "watchdog-timeout": 0.04// in seconds
    }
    ,
    "arms":
    [
         {
            "name": "ECM",
            "type": "ECM",
            "io": "sawRobotIO1394-ECM-55658.xml-final",
            "pid": "sawControllersPID-ECM.xml",
            "kinematic": "ecm-straight.json"
        }
        ,
        {
            "name": "PSM1",
            "type": "PSM",
            "io": "sawRobotIO1394-PSM1-31094_purdue.xml",
            "pid": "sawControllersPID-PSM.xml",
            "kinematic": "psm-large-needle-driver.json",
            "base-frame": {
                "reference-frame": "ECM",
                "transform": [[  1.0,  0.0,          0.0,         -0.20],
                              [  0.0, -0.866025404,  0.5,          0.0 ],
                              [  0.0, -0.5,         -0.866025404,  0.0 ],
                              [  0.0,  0.0,          0.0,          1.0 ]]
            }
        }
        ,
        {
            "name": "PSM2",
            "type": "PSM",
            "io": "sawRobotIO1394-PSM2-11251_purdue.xml",
            "pid": "sawControllersPID-PSM.xml",
            "kinematic": "psm-large-needle-driver.json",
            "base-frame": {
                "reference-frame": "ECM",
                "transform": [[  1.0,  0.0,          0.0,          0.20],
                              [  0.0, -0.866025404,  0.5,          0.0 ],
                              [  0.0, -0.5,         -0.866025404,  0.0 ],
                              [  0.0,  0.0,          0.0,          1.0 ]]
            }
        }
        ,
        {
            "name": "PSM3",
            "type": "PSM",
            "io": "sawRobotIO1394-PSM3-72369_purdue.xml",
            "pid": "sawControllersPID-PSM.xml",
            "kinematic": "psm-large-needle-driver.json",
            "base-frame": {
                "reference-frame": "ECM",
                "transform": [[  1.0,  0.0,          0.0,          0.20],
                              [  0.0, -0.866025404,  0.5,          0.0 ],
                              [  0.0, -0.5,         -0.866025404,  0.0 ],
                              [  0.0,  0.0,          0.0,          1.0 ]]
            }
        }
        ,
        {
            "name": "MTMR",
            "type": "MTM",
            "io": "sawRobotIO1394-MTMR-55790_purdue.xml",
            "pid": "sawControllersPID-MTMR.xml",
            "arm": "MTMR-55790.json",
            "base-frame": {
                "reference-frame": "HRSV",
                "transform": [[ -1.0,  0.0,          0.0,         -0.180],
                              [  0.0,  0.866025404,  0.5,          0.400],
                              [  0.0,  0.5,         -0.866025404,  0.475],
                              [  0.0,  0.0,          0.0,          1.0]]
            }
        }
        ,
        {
            "name": "MTML",
            "type": "MTM",
            "io": "sawRobotIO1394-MTML-79204_purdue.xml-new",
            "pid": "sawControllersPID-MTML.xml",
            "arm": "MTML-79204.json",
            "base-frame": {
                "reference-frame": "HRSV",
                "transform": [[ -1.0,  0.0,          0.0,          0.180],
                              [  0.0,  0.866025404,  0.5,          0.400],
                              [  0.0,  0.5,         -0.866025404,  0.475],
                              [  0.0,  0.0,          0.0,          1.0]]
            }
        }
    ]
    ,
    "psm-teleops":
    [
        {
            "mtm": "MTMR",
            "psm": "PSM1"  
        }
        ,
        {
            "mtm": "MTML",
            "psm": "PSM3"
        }
        ,
        {
            "mtm": "MTML",
            "psm": "PSM2"
        }
    ]
     ,
    "ecm-teleop":
    {
        "mtm-left": "MTML",
        "mtm-right": "MTMR",
        "ecm": "ECM"
    }
}