{
    "chatty": true
    ,
    "io": {
        "footpedals": "sawRobotIO1394-MTMR-foot-pedals.xml"
    }
    ,
    "arms":
    [
        {
            "name": "PSM1",
            "type": "PSM",
            "io": "sawRobotIO1394-PSM1-31094_purdue.xml",
            "pid": "sawControllersPID-PSM.xml",
            "kinematic": "psm-large-needle-driver.json",
            "base-frame": {
                "reference-frame": "ECM",
                "transform": [[  1.0,  0.0,          0.0,         -0.20],
                              [  0.0, -0.866025404,  0.5,          0.0 ],
                              [  0.0, -0.5,         -0.866025404,  0.0 ],
                              [  0.0,  0.0,          0.0,          1.0 ]]
            }
        }
        ,
        {
            "name": "PSM2",
            "type": "PSM",
            "io": "sawRobotIO1394-PSM2-11251_purdue.xml",
            "pid": "sawControllersPID-PSM.xml",
            "kinematic": "psm-large-needle-driver.json",
            "base-frame": {
                "reference-frame": "ECM",
                "transform": [[  1.0,  0.0,          0.0,          0.20],
                              [  0.0, -0.866025404,  0.5,          0.0 ],
                              [  0.0, -0.5,         -0.866025404,  0.0 ],
                              [  0.0,  0.0,          0.0,          1.0 ]]
            }
        }
        ,
        {
            "name": "MTMR",
            "type": "MTM",
            "io": "sawRobotIO1394-MTMR-55790_purdue.xml",
            "pid": "sawControllersPID-MTMR.xml",
            "kinematic": "mtm.json",
            "base-frame": {
                "reference-frame": "HRSV",
                "transform": [[ -1.0,  0.0,          0.0,         -0.180],
                              [  0.0,  0.866025404,  0.5,          0.400],
                              [  0.0,  0.5,         -0.866025404,  0.475],
                              [  0.0,  0.0,          0.0,          1.0]]
            }
        }
        ,
        {
            "name": "MTML",
            "type": "MTM",
            "io": "sawRobotIO1394-MTML-79204_purdue.xml",
            "pid": "sawControllersPID-MTML.xml",
            "kinematic": "mtm.json",
            "base-frame": {
                "reference-frame": "HRSV",
                "transform": [[ -1.0,  0.0,          0.0,          0.180],
                              [  0.0,  0.866025404,  0.5,          0.400],
                              [  0.0,  0.5,         -0.866025404,  0.475],
                              [  0.0,  0.0,          0.0,          1.0]]
            }
        }
    ]
    ,
    "psm-teleops":
    [
        {
            "master": "MTMR",
            "slave": "PSM1"
            
        }
        ,
        {
            "master": "MTML",
            "slave": "PSM2"
        }
    ]
}