{
    "T_left": [
        [
            -0.9996662526653115,
            -0.022581839644684507,
            0.012547661150791017,
            0.0021589185521698148
        ],
        [
            0.013311100326987386,
            -0.8665173799018644,
            -0.49896938276420605,
            0.004992359333573195
        ],
        [
            0.02214041305346841,
            -0.49863582988617006,
            0.8665287711689391,
            -0.0007364363942584342
        ],
        [
            0.0,
            0.0,
            0.0,
            1.0
        ]
    ],
    "T_right": [
        [
            -0.9997803163684255,
            -0.018723248825988685,
            0.00942119714530933,
            -0.0024515336289219194
        ],
        [
            0.011504339141471785,
            -0.8659213622967007,
            -0.5000478422102663,
            0.004807668400598299
        ],
        [
            0.01752053604113349,
            -0.49982960523724995,
            0.8659465321514983,
            -0.0025658635156512372
        ],
        [
            0.0,
            0.0,
            0.0,
            1.0
        ]
    ],
    "dataset_id": "C5",
    "Description": "X transformation. Transformation from ecm frame to cam frame."
}